5910
9999
9254
951
664
5044
6269
4503
2759
3398
1083
4044
6849
1934
820
1538
3561
5218
3432
2997
7528
8157
2983
2471
7625
1498
8486
2087
5406
2194
9897
2240
7496
9292
8017
1880
1545
4884
6185
8336
5833
8511
8862
4227
5668
4262
8814
1315
9666
3028
6062
9135
8262
2524
7032
8068
8359
9738
6606
4978
4121
34
7700
3620
5203
2386
7852
3885
7746
7053
4728
4507
3705
5483
3773
1533
733
243
6439
4096
1883
6139
8688
7952
7532
5991
6526
6137
1654
7340
5652
6861
2885
8904
8203
8474
9337
7732
3591
5135
6173
8789
9850
5276
3180
4874
1271
9306
7440
4440
9820
7360
5600
4819
2992
5586
9196
2488
9119
4845
4945
3377
2195
4139
4531
2099
1588
8523
2388
443
4560
5946
7911
1164
677
4955
7507
5052
9401
9742
3605
8543
8349
7465
3318
4278
9944
5926
478
1891
2773
7066
1899
8273
6081
7975
9730
1890
5548
6870
181
6246
6123
4446
4765
1176
8537
2547
2538
8448
915
9330
5576
868
2739
2636
3261
8115
5737
3837
5007
4656
3357
1476
3324
8325
3856
4804
3596
3292
3266
1228
5550
2790
2178
6378
643
6327
6204
4306
5268
290
2491
2253
9575
5385
2899
6168
4666
6594
4603
3607
18
5344
4037
2582
9311
1823
8075
2780
1426
5745
1159
7045
2016
1138
4567
3915
9922
9183
9492
3918
1708
93
6248
9286
7229
9961
317
1098
7399
4112
2378
882
9456
3395
6110
7993
8634
9449
1440
6108
5313
4414
1643
5049
617
1994
3893
1956
6833
4769
7307
3987
1930
7210
3437
2500
5673
8957
4006
3672
5015
7667
3484
8162
8866
9588
330
5588
4257
660
8451
9322
9890
5495
1301
5616
5587
3794
6563
3465
3203
8054
1260
3806
3727
550
2842
7506
2322
221
7354
3476
9931
4474
7027
6593
5816
6687
5503
2896
7469
6550
6941
4097
6910
8423
2277
6792
1084
7363
8845
8679
1273
5707
7018
7544
7353
1274
1126
4589
799
9719
8207
1720
5832
6080
9047
7678
4575
9670
8682
338
8983
3326
3735
9344
947
794
1884
6177
8678
3813
9747
4442
42
5749
6725
4816
3925
538
7945
9360
2915
2086
1792
9483
2038
7482
2239
433
1675
1213
9413
792
8662
5645
7938
2216
6940
9192
2341
5407
3522
6182
2219
4332
7368
2137
3232
8107
2152
2275
4189
1219
9124
2123
3304
3980
3896
8976
9632
9716
289
2830
3379
4878
6338
8060
6447
6967
9953
4331
8177
2403
7734
2225
8034
5834
3368
3251
4221
9509
3046
6009
6525
6544
6435
212
6795
5089
7922
3501
974
2862
1041
9338
9386
6017
4175
2367
5084
609
4347
8843
6952
5067
9904
4680
7651
8176
5708
143
6200
4953
2371
5108
49
2960
8956
2858
2206
6660
3128
1180
5398
3413
4110
8361
1711
4360
6592
9410
4072
7062
5025
52
2323
4013
749
6964
7321
7288
1937
7253
5699
1627
2702
6274
8977
265
427
597
5956
9597
9462
4541
4131
6811
5097
4104
8989
7249
7162
8303
5537
7595
2360
635
7797
8711
3898
9536
7535
7721
1695
3272
6375
9965
66
6756
4665
9186
6700
3397
9840
7854
7166
3278
7010
3663
5671
4546
8561
5420
6407
833
1855
9947
8652
1900
5338
3943
8942
8824
5864
7988
5941
1809
9985
5469
3617
9957
3796
5725
2285
7517
2585
7474
872
8584
6828
9838
3504
4608
8922
5672
5642
7008
1915
8514
5336
9888
4810
5043
1343
2305
5292
1139
5812
8675
8274
3302
5494
6273
6197
8639
7844
4586
7412
9609
8710
2284
8706
5988
1670
4393
6781
8998
2684
3109
2814
5897
7404
9021
2561
324
2512
7860
8080
3045
9675
6951
9639
9937
97
8510
8078
6511
9123
2485
3763
5478
501
9321
107
5728
7708
119
8417
3423
9061
2359
8148
4776
9407
7215
6001
773
6391
4245
6434
618
9280
5759
7182
6465
3281
7303
8038
9785
5376
1022
1430
6209
9592
299
2461
1384
391
182
9674
8742
9813
3303
3182
4926
7531
6262
4811
5322
1392
5798
2493
9846
1667
863
931
1374
8337
7077
2609
5286
6044
4408
2549
4367
5145
553
967
7050
6685
2523
4706
3995
851
2242
6854
1280
856
2019
7836
4622
229
7232
4241
7650
5680
5915
9385
1637
7795
1063
5624
9833
1124
1457
3659
5557
1317
5553
6477
6047
8780
6829
1597
210
4764
3640
7029
8524
2886
5392
4918
4947
5119
31
8906
8913
168
4850
3920
9397
5217
446
3495
6311
8851
1435
897
9872
7016
3478
1309
6537
8292
7216
1623
709
649
6392
4571
3850
2093
5896
1648
4511
8709
6230
2898
8500
1739
8223
3767
9475
5773
9365
6236
43
9933
7350
5164
9490
675
2306
576
9005
768
6277
1249
6088
6030
1027
2971
3311
5311
8061
3546
4582
3365
1110
1677
4715
6776
3157
971
9257
407
9758
1836
8364
985
2665
5542
8626
9164
3682
8916
4319
4907
2061
8296
1678
610
1746
2311
8145
8750
2724
2982
6771
602
7863
8571
2231
6500
8744
8240
4733
8708
4282
7103
7492
5778
5532
242
7689
3921
2033
9195
1071
9593
1837
4050
4496
1824
504
8926
520
5387
1337
8624
7673
2321
8159
6220
4416
7932
1429
3201
3427
9589
8509
5048
8886
4653
3129
7309
5323
5447
6615
9446
8589
396
9527
3010
9010
6991
5102
2963
8666
7355
4833
2167
4195
1927
5331
7927
2557
6889
7675
3873
2783
2365
6244
9817
385
5619
2395
6522
8488
9450
9041
2252
6543
5599
17
1903
526
4672
1939
5966
7046
7236
8491
7921
4478
5733
6158
6215
5064
3149
5369
9405
1965
6686
8555
8784
2463
5328
5489
8962
6929
1860
8741
4851
7200
294
7994
6466
521
3739
363
1028
6954
408
2477
7130
6069
3449
9054
822
7174
7626
2798
5041
684
2590
4673
1758
7177
1622
7074
3597
2401
3667
6394
2407
9722
2660
6416
3863
3197
9175
9728
1354
4913
4129
4701
3857
8992
1101
8398
4493
482
6474
9599
2958
2984
9753
7525
7022
9516
6786
3193
3571
1053
6181
9262
4709
4100
9739
7150
7570
2854
8046
3289
7588
5484
1790
4327
9754
2736
9312
7292
7369
725
89
4338
1918
714
757
4356
2426
9026
2633
3535
6868
7477
1590
4643
6602
994
586
4747
8558
9172
7760
5066
535
8155
6741
1475
295
2823
6730
1546
3092
9903
7755
9928
9030
8664
8321
4931
6906
3937
5531
3029
9356
582
8985
6585
5607
6436
9542
4242
6859
7180
2751
4902
5090
4025
7966
7908
762
8640
7977
8938
7133
5858
2658
8884
8731
7773
7114
607
9167
7214
7814
7115
1142
8201
8302
4555
4210
1770
5995
3717
8267
7521
8238
7116
2819
1160
2490
8578
7405
8102
885
5698
1512
354
8118
2147
2943
9886
8620
8435
1003
5168
7126
4300
3080
9391
6643
7739
8606
6664
1513
5256
6713
4188
4337
650
6400
1938
1034
4177
9889
3810
7698
3204
6548
108
1019
5296
8568
365
1088
133
2224
4000
5729
5546
8116
8097
6622
7743
3904
4933
4422
4147
2744
1530
5147
9117
2040
8633
6259
3792
6319
2884
5843
2173
7370
4305
6472
8429
6886
8478
5474
5356
5333
6896
8490
685
481
4612
8108
2924
7579
3026
9281
8714
3227
3966
5434
4891
8014
9923
388
6196
6843
1877
9038
9228
9811
930
9531
5105
2484
525
4798
633
4117
3387
9343
746
9210
351
5229
8605
4103
2366
4211
4252
200
5852
6777
4749
2520
2456
3500
3759
8654
3646
8333
4095
2223
5451
7804
7406
3327
2908
2679
8612
1285
4068
4528
8464
2129
8317
8999
2474
5892
3156
5403
6793
3982
3871
9068
2993
9477
3932
7176
6362
1772
7400
8096
7227
9147
5409
2793
7589
7931
1363
2944
7453
5615
9858
5980
1528
7714
8641
2705
3822
2320
2446
9168
7754
2931
9467
8197
2659
1866
4835
1769
1888
9062
7336
9126
2258
1169
3711
3507
2267
7121
1908
8378
4080
9219
2920
7171
523
7718
4879
9845
3359
9848
933
6726
2844
6640
184
1377
435
8518
845
8528
3008
8319
3950
6461
9498
8738
3418
4774
4019
9277
2922
7967
6410
4466
683
5187
3001
1690
665
7559
498
8873
6529
2950
9637
2046
5496
1251
5853
5309
8465
8946
7007
9766
2838
1388
36
2875
3688
4719
6957
7438
4827
6456
5925
1606
183
3696
6421
7783
2382
2174
341
2735
6985
9778
5637
22
561
6443
8837
1327
9757
6826
8153
9604
8557
2764
1856
4130
568
381
3200
7660
998
8130
9486
5012
2526
5498
8008
5194
8466
2734
3363
612
4423
8872
8314
1077
5423
7585
3179
8308
2014
9055
1874
4799
7481
1641
8377
8749
5071
4076
6892
5091
404
8553
170
2775
7085
5983
1747
2747
9007
6616
5516
458
7342
8716
2881
3442
8849
357
2196
4564
5189
3890
8954
6780
4181
5811
7987
3801
512
6855
5511
1148
2188
1692
7990
4729
8136
8400
7191
3815
6654
1723
4818
9478
4233
4286
5004
37
8648
8013
3563
1493
362
4247
7415
9564
9301
51
9798
7713
3088
4823
3399
6408
7320
7143
1187
8281
2243
6136
6577
9567
4506
978
9305
6036
8322
8338
8135
7556
2452
2617
2159
748
3093
7737
3565
1571
6146
5144
7712
6041
2
2836
3633
1778
1296
7980
3226
8473
9562
2726
922
342
2083
7824
64
5554
4470
6982
2135
4631
8852
1771
6785
1564
4746
9299
7856
6393
2132
8293
5212
803
314
169
3700
4636
222
3838
2788
148
5140
6739
2977
7339
437
6569
5470
8667
6414
7915
3355
6752
6642
8651
7837
6165
1236
9099
7286
7598
3069
1196
355
5034
9349
3335
6987
8440
4780
8597
8189
2431
4550
2626
964
2562
4363
5317
4205
5741
2715
5874
6351
1773
3141
5970
1284
3630
6533
7148
4365
7448
2065
6006
1108
3013
2053
1625
2294
8812
5611
1629
2970
5191
4554
1448
698
7017
2826
4928
1543
4060
8587
72
781
2954
9972
3939
3060
5569
8759
3641
4351
3076
8573
2480
4102
1950
2883
1283
9801
3224
6579
8550
1289
4856
898
484
3499
5399
4755
309
6183
2965
7646
5289
7184
942
2752
4314
8213
1132
7720
2220
7669
2483
6816
4980
6188
9122
4777
9092
3002
5353
3249
3738
3376
9644
6487
1380
5561
9132
4002
3331
5814
6140
6735
1362
6005
4310
5502
1914
9786
9347
1451
7888
230
9085
2036
5430
9556
8263
640
7612
2453
1843
8044
4272
2979
1483
1630
5622
8146
2953
1059
3271
603
3793
3154
8912
4513
3869
1898
1308
6935
202
2266
8951
9042
4039
6568
4295
7649
6674
3729
1405
3719
4372
8570
7948
8672
3480
4159
9443
3414
9986
1424
1632
4922
421
3489
7044
4872
6505
2925
8918
8944
3270
3160
1103
1439
7040
8086
7682
519
3213
2134
6370
9165
4971
3762
8170
9332
611
760
8492
848
8160
4017
6303
721
9962
3541
7809
8686
5850
740
2607
6863
919
8769
7312
1873
2469
5254
6827
836
2552
6061
7618
4970
9151
7845
745
8079
9419
1128
9373
3832
8499
4499
1490
5847
7529
9063
6657
3198
4789
2700
2731
982
9743
2084
1496
6590
4537
5609
3539
6068
2396
8163
9294
9442
924
6169
6441
6374
3821
4187
4484
3769
1895
9606
2648
8887
6396
4596
3366
8441
4350
6862
8693
3360
3730
7817
2709
3780
9543
3296
9964
2497
5070
9370
6614
3550
4018
257
7024
6442
5807
8656
5636
9861
7067
3761
6403
3322
9388
3533
9058
9660
4264
9724
1917
7592
695
9185
5174
9015
211
8501
2572
7000
1328
2976
5166
5352
8256
671
5224
6557
8167
2515
7325
9496
937
348
6025
7642
2334
3576
9383
1986
5730
4562
1360
2680
8410
5539
4743
2075
367
2888
1011
3492
1982
347
225
2541
7323
3970
29
3424
7972
6958
3820
5662
9932
7005
1685
7937
6010
1224
3194
4795
9136
5456
6193
2610
288
9441
2405
303
9787
8358
2356
9945
2478
6880
2964
6195
6704
231
1291
8180
6665
7139
7819
8914
2961
4502
9571
805
530
7786
1902
2015
2573
8446
2350
1714
9862
5264
1056
2182
7816
8732
8386
6984
3195
6720
4249
4359
2164
1189
8657
7749
852
6764
5085
8039
9459
7082
8147
7976
5384
1329
6334
9048
4164
8848
1645
598
8247
7381
3468
3924
1671
756
3023
699
5818
3336
5491
9525
8987
8191
4165
3049
4235
5691
7961
164
2861
7593
1091
5514
1652
2941
8720
3469
9955
4824
9341
8671
1521
4302
2936
2811
3706
3976
4991
6361
6381
4718
7750
277
1184
6074
2539
7416
5243
3190
469
5704
1897
6388
4542
8169
7826
8982
5880
2833
6800
1355
32
6965
4981
189
3957
5656
5477
4403
9893
3288
6490
657
9137
3886
198
9452
4162
7255
394
6493
1628
3946
1319
416
4984
7434
5870
4034
1563
3689
8755
5088
2914
9696
8971
2772
9745
9336
6797
2017
1491
766
9094
8892
628
8195
9626
9222
4785
9234
8969
903
558
45
6202
5762
7664
1943
8323
2848
4807
472
7207
8861
798
759
103
7643
3130
3566
4012
3955
6228
6175
1484
9066
5891
6897
235
9331
4192
2458
172
7444
4149
3315
2440
2810
120
5895
9819
3217
3615
9304
875
9642
4397
1150
6128
8224
3472
9524
6809
6452
224
1842
5020
4435
4837
6328
7620
8622
46
6245
7426
8351
1541
1407
6587
3221
676
690
3038
9960
7179
5415
3530
5429
4297
8502
4962
8724
3971
1442
4336
3107
6366
9523
6762
9220
956
1885
4986
9535
6300
6164
9643
4714
8607
5241
1247
9376
204
2010
870
2932
1183
2130
6347
9179
1259
4142
6223
3155
3032
1968
645
345
8463
6947
5543
3205
1975
8577
1609
6683
7691
1204
2397
8219
4083
8232
2025
6968
7365
2211
2754
319
6995
4652
7696
185
8420
5201
453
9731
6252
6572
1415
1524
1389
6322
639
2368
2063
8184
8050
2852
4141
4395
3053
2160
3645
6116
4857
4396
490
5211
6167
2096
1579
8704
2142
5736
5027
8367
7661
377
2110
2184
2937
3321
2654
6481
1662
1566
1802
8579
9040
9749
3651
7136
2115
7488
7676
9268
5277
1910
7798
5281
4073
115
7591
8797
4046
6509
35
9016
4226
9501
638
4892
7751
1638
6198
8572
9221
1901
5666
5881
6260
6118
752
5175
3244
7951
3912
5053
27
4301
1854
5300
1009
4768
7763
7419
2247
331
1161
5754
779
6637
7376
1212
5287
236
5459
8454
9816
2812
5021
2189
1095
2119
5889
5776
3862
5238
5170
7912
8967
3003
460
5628
3788
2437
1106
9750
6697
5098
7941
9434
2706
94
1904
1560
8715
5901
3372
4767
5418
2273
8880
7614
6479
3883
736
3320
2905
5316
9618
9176
452
7674
7080
3057
7716
7973
7619
788
2450
6736
5774
4358
8459
1789
7609
2891
1984
3653
4738
186
3394
9823
8728
5242
2601
2755
297
9951
6519
6656
6350
6454
1372
9366
9109
7936
4433
2080
3373
9190
7428
5487
8127
3679
540
3868
1079
7502
4545
2566
2111
3229
9246
9683
1211
2627
6915
7230
907
8369
4239
2218
1474
3006
6084
4024
1882
134
755
6782
6503
9067
5365
9610
5237
6247
3421
2314
5393
9921
3436
5605
6306
6278
6267
1276
3481
5143
1434
2101
2917
7183
1738
5871
9045
6993
7270
1177
9946
9582
8237
3919
2187
3487
7672
6124
4896
2144
2995
8629
9310
9685
6970
8897
592
9457
5318
3175
2592
5347
5927
2318
449
705
9941
583
6090
2743
3166
8392
2176
1023
9686
3648
3721
1517
5998
4930
9971
2882
7602
6210
5123
925
3622
5524
9215
5562
4383
8009
4137
3263
2342
3599
696
7089
2151
8368
2237
1026
9788
8828
7096
9917
6458
9086
3986
2348
3934
8251
8024
1589
522
8890
9011
9399
6638
1601
3407
3848
7759
3753
5270
7789
263
6359
7205
7887
3847
9705
5675
2980
3720
6014
2871
8453
8467
9905
1763
2544
1238
5564
9355
7047
7313
6839
100
7478
1487
1047
9049
9090
6382
5804
7235
2894
3983
839
1336
7037
6293
5594
336
6696
843
3134
5156
4487
1679
1788
8566
3509
7958
1310
8284
1358
1421
4001
3882
2377
1185
9870
5606
5179
7632
3951
5768
4568
9824
774
6618
8796
6207
4194
6203
6337
5796
9352
1780
2385
1574
8161
1031
9799
1853
9627
6933
2156
2402
6848
4917
1977
4724
7172
3531
5577
5518
1955
3831
954
7467
6589
2969
893
219
6874
9615
298
8541
9553
3386
253
9769
2208
7707
2256
8996
4171
2727
8485
8748
1146
5968
7006
4944
2361
1198
5533
6250
3974
5953
1587
3307
2180
9417
8372
3108
5261
1933
5226
9710
3625
8389
782
4556
3784
2909
604
6774
6595
1402
2414
4530
6787
8934
4690
9212
1117
8290
8863
3770
3588
5371
6871
4821
1381
6732
1253
9013
9408
5466
3899
4942
2606
392
9915
8950
9229
187
811
1765
3054
6180
6035
5921
1305
3370
4687
6769
1819
3733
302
7316
5118
7059
3785
8229
4370
1341
1979
4732
1851
9631
9855
2692
6639
7959
9852
3778
702
15
9214
5121
2279
1048
5710
8082
7028
8532
1920
7925
6411
1254
5585
2274
7246
146
4334
4958
7388
3136
5295
9422
6858
9821
7290
7833
7825
9805
3219
4559
5120
3931
2039
4583
3979
3056
7274
306
654
8188
193
7520
2391
5976
8997
9681
1409
2114
2438
2934
3818
2022
2890
3708
4740
9980
1172
8294
3388
6536
1974
715
7613
254
2928
2448
4800
8924
3367
6567
151
91
9997
5198
7771
5560
4873
7800
3812
7930
795
4218
663
4209
59
2711
7865
2154
1054
8181
4883
8669
8545
9691
8397
1227
376
9688
3250
6920
8530
3528
5301
1220
2427
3247
961
8065
6755
7770
3544
1396
1859
1814
3282
6532
4946
6766
6395
8961
883
5252
4170
7827
147
1376
3577
1393
8297
9701
4854
2352
801
3650
5575
326
3348
9308
4070
4736
1916
2551
934
825
7744
6206
2634
4368
2813
4748
3138
5529
2906
7393
63
8505
5614
3623
7862
9216
9157
4415
4698
1129
6998
8932
5679
4059
6708
6666
4294
1218
1239
7063
1712
5137
7533
5366
2693
4229
6467
3494
5361
5051
739
7835
2653
6178
4234
943
1134
6428
9364
9880
7944
7088
239
3942
5076
2600
7555
312
2299
4613
8781
826
7123
2911
6783
7233
188
273
921
9374
9080
8644
6570
424
7422
7831
226
6979
4318
1045
8004
1539
2333
9744
7705
4915
5093
8600
9012
5799
4088
3606
6521
2133
3697
7512
2553
6258
9697
6105
7060
1021
5851
7271
5677
8883
9926
6610
5345
7794
395
1286
7031
785
9272
7433
8617
5629
2203
9353
9197
4390
6963
5110
8460
8713
9023
7459
6077
445
434
5340
1644
5950
4771
9689
8963
7471
6723
7224
6216
4128
73
9902
6316
5358
6801
4893
9514
3996
2761
318
9565
1001
6825
6950
2605
471
2801
5130
1907
1973
5196
5862
161
5454
8498
2581
8986
8643
6072
6644
322
8515
2346
6549
1947
139
2264
4703
2955
2221
3163
672
1287
3346
3361
1087
1794
1913
5841
4266
5200
831
6087
6163
4654
1195
4047
415
8371
8929
1870
412
3846
3619
333
9546
9956
1931
5568
2124
7539
3654
6389
8746
5744
8026
2927
9142
9775
7524
1347
1847
9463
3913
3269
53
4330
2209
6024
5721
4476
9131
5180
276
1787
4594
8342
1942
7231
5337
8156
1989
9091
9345
8583
8850
2092
3192
7301
2720
8676
6890
3804
9247
68
5877
3777
7237
3158
1715
5559
3393
2935
7282
6873
9484
7644
1612
8481
5572
5426
4716
368
3859
5949
4763
1525
9834
1359
580
571
1954
5763
7901
4726
3945
1713
3473
6225
5770
6555
5981
4553
4244
7703
19
8844
1425
4761
1179
8043
2103
4289
1501
8928
3609
6297
9906
3841
9729
9935
1830
6310
4621
5251
4999
4053
9233
5756
5515
1972
5115
1052
987
329
4750
9963
7122
4875
9150
8277
4381
5467
7656
2591
3409
8966
541
4894
6815
6460
2481
4
7348
6604
5125
2719
8193
3339
2035
3991
5570
1775
4236
3840
2393
8326
5640
2787
6747
1432
8993
8132
6598
783
8257
2068
2721
5837
9392
3975
4792
6425
5072
1871
431
9184
5116
849
6902
3223
3119
7052
8109
9669
5701
5772
4285
5597
1967
8111
1726
4340
4996
3866
7111
9252
5918
513
5523
7338
7112
9182
157
9375
1404
2713
8860
208
1020
6675
417
2697
8575
8242
9367
3572
3022
7543
4700
9808
9415
7918
5479
8098
2513
6281
6491
2799
6817
4745
1004
2807
2419
3502
50
7850
8533
9625
1594
1732
5472
7939
1505
4378
5223
6584
2703
4109
3655
383
8560
7375
9095
9504
3845
4168
1515
6605
5255
84
5555
4399
5888
8286
9648
8062
8244
7909
9400
4525
7947
1085
2579
1617
7160
4228
5050
5890
1223
3999
8365
6263
3151
9569
8733
3851
1215
9999
4251
1552
5649
7883
1822
1361
6699
6289
1269
4426
7514
7998
4287
112
256
4646
4563
2492
7801
3305
7259
3419
1909
1991
1831
778
7723
1554
3256
7277
128
3712
26
8574
5250
2037
691
155
3071
9326
5011
742
8702
136
2074
2910
79
6419
9671
9000
9470
3558
1602
4200
167
3790
3438
1923
9083
4431
1191
3448
5346
5934
1119
3191
1356
8312
2215
5161
2228
5706
6199
3024
5627
3474
8611
7822
6115
3248
3740
2127
5349
2973
8344
4030
4248
902
349
3867
7196
6211
9078
6498
764
9342
2058
4988
3581
6404
6372
6907
3482
5912
5167
7868
3364
2728
8272
8767
5899
9570
3634
7473
7752
688
8088
2620
3664
8058
7302
2578
8504
6925
6076
9876
320
6336
6992
9334
7881
5883
7872
6646
4935
3070
6856
7658
2835
6091
9827
5731
9652
2574
7262
8280
5987
5154
1879
2179
7497
8816
3854
3426
7285
2260
9320
5505
3115
1610
8353
8362
9854
5028
7571
4273
5188
8100
1752
9494
2177
4696
6102
6972
8178
3146
3252
5055
6227
661
4585
6051
3930
6612
9170
8288
9418
2805
3211
9699
3926
9031
5421
6845
9141
7243
6015
7380
4959
4820
5210
8712
9503
8243
6218
6268
9112
4204
2319
6649
6778
5134
7631
3574
4237
7411
2615
2062
7564
9180
1292
8521
658
5660
6283
858
8727
955
2766
791
2912
8642
203
6431
9235
7877
6804
7256
8559
9950
6794
1755
3674
1869
5536
4031
1401
9493
7414
5107
8877
5933
6945
1668
2434
3334
2428
1250
1459
7847
855
2733
4464
6028
2722
1257
8822
8126
9672
5936
8278
8239
9869
9188
296
6709
8299
2324
9741
9895
1449
4517
3295
8279
4500
9521
3524
6265
2245
5213
6172
6264
7020
9465
543
8340
2816
838
1281
5886
4335
8645
8947
8936
2587
7782
6745
2717
8029
1699
2372
5969
7799
6866
1202
986
878
1225
999
9654
419
9737
9713
9488
4394
8254
3935
4880
8064
5312
1511
4527
3113
5222
4781
4238
5504
4420
8800
282
6847
4725
6255
2136
2981
3505
4657
8285
808
2868
8306
1912
4288
461
9517
4459
7537
1006
8818
1634
2767
6438
5032
245
7668
1163
8868
6530
2863
1806
7113
5227
7132
7518
5758
3131
1122
890
2313
5793
371
1461
4758
2049
5711
2183
7761
9256
2618
2535
1696
3827
4552
5651
4940
6821
2121
7971
5608
6353
6320
2251
8249
8444
9495
4055
1948
125
908
6232
214
6130
3772
1893
563
9323
1620
8729
4855
817
6772
6707
6000
5923
6542
3264
926
393
5014
7876
8122
5623
4461
1686
4689
7780
2094
451
8531
3960
9297
7356
6682
1635
116
1270
7345
3636
8535
2988
973
6515
2998
1268
5747
7788
8871
8506
9601
8940
8346
6623
2358
2644
5461
3275
8856
5006
4279
7476
3094
3312
2394
949
4684
7710
5780
5913
2410
4471
1705
6564
9579
8930
3517
8494
2707
2302
2638
4634
9258
3906
1865
6790
837
2278
5208
4961
5362
1244
4595
8508
2125
3343
8057
422
3267
4263
4754
1025
1928
5405
4309
4093
3286
4543
3202
5598
1231
3378
1741
1335
5743
7694
5705
2098
518
1722
7511
4042
8743
9708
3181
6571
6086
3647
9925
1850
2230
2304
6744
9522
6673
7504
6822
5545
3529
3582
6578
131
5720
3061
7603
4630
1199
6054
7859
3116
3693
940
6205
2840
7665
8
5960
6189
1658
9064
3297
5106
2837
8310
9761
1205
2527
4794
2749
3101
4454
6462
8041
9664
4645
7781
9751
7992
8069
4670
3927
3199
3748
3844
3143
7765
1456
6058
1158
2639
5182
4329
3142
1523
2923
627
2380
7964
5752
1118
1518
7566
7284
8846
6645
8114
2300
118
4536
9113
3445
6066
3052
9380
3755
158
2085
2398
9558
509
8395
7748
2432
1294
4676
6620
9433
4521
5192
9616
689
9204
622
1141
6048
5716
8556
9033
9659
1431
176
310
8653
9166
1988
1419
5869
4691
1595
9789
8552
144
4183
7105
3695
4866
3747
9831
4292
7896
9658
1406
3097
5591
7025
8891
5016
4099
7617
7349
9853
4479
6701
5181
2632
5859
2847
2262
4997
8804
6497
1781
5419
3125
3551
8360
4616
8376
751
3319
474
9635
6695
6591
1248
6026
5332
4482
9361
8447
4841
3328
3601
3073
4828
1458
4497
2293
5718
6113
4593
9726
3881
6662
8457
1255
7346
3861
6974
7582
2612
8955
9803
1656
7957
8327
704
8747
6574
6796
2222
631
6386
6955
3137
6931
1966
4929
6711
3781
2475
1636
5159
7094
3051
2467
2148
5755
7573
6056
2003
6523
9480
2762
7730
9510
9911
2108
4361
4077
1055
5395
9053
2185
4808
1130
9630
2031
4753
601
8590
9461
959
9812
2499
4232
2462
5282
7538
2517
796
238
5781
9065
6402
7982
1664
3699
1687
8683
5914
6397
9507
2079
7244
3110
6437
9445
1469
8690
1717
2364
4364
786
8230
5787
4317
4558
2756
3584
565
1757
3260
3
6292
6226
8217
2131
9555
8408
641
5381
3631
1508
8412
8334
4638
1613
6911
278
325
4074
578
7104
2694
6291
3122
3228
8638
4900
3412
7013
8174
6002
6233
2737
9990
9052
8516
2312
5620
44
1229
3293
4151
6729
6938
8077
2677
3548
5831
4713
1316
7762
3176
5633
3206
7093
3352
9540
5565
5931
8487
7652
67
5709
9988
8649
2725
7534
8988
4839
938
5962
8952
159
6042
10
1120
6566
1051
9636
6658
8468
4858
5033
9633
7731
8387
1151
4629
8754
4325
9249
5101
9327
819
6219
5601
9678
528
2234
4899
9640
2504
7167
3624
9389
9420
1242
3242
7457
5525
3643
8608
6508
3678
3860
5996
8092
3642
2554
1111
6071
1744
5363
5989
2254
2197
4790
2412
5087
4020
7283
8419
1743
920
7472
5086
9269
6144
4473
1357
6586
2091
7548
5590
9694
5220
737
4283
3171
373
7390
2637
1394
887
9290
2200
1951
6883
8614
8421
1136
3207
5761
7484
6201
8173
2425
1649
1078
891
1953
8476
9350
8037
3817
7821
2287
9046
1804
2603
4682
9533
2052
4106
4154
2985
171
5185
1615
9828
2023
6186
5929
2464
4004
1121
4298
5460
3707
7645
7728
8047
7919
2528
4523
8439
6893
2310
4202
9325
9291
7594
9034
3106
1527
7702
2345
1131
8965
6154
173
6706
3048
1331
6060
8823
4898
4152
5473
2967
466
1299
6470
7241
3538
1182
3055
5643
1265
3177
5944
2482
4436
7221
8888
941
4455
3754
2459
267
1383
293
1102
1684
3460
1241
9740
4284
6345
4033
7462
1868
7403
7296
7095
8813
7228
3519
7454
4721
1379
5197
7774
7185
981
2685
8356
4401
9612
5193
2351
8066
8546
1749
8885
5321
6688
5653
2295
9379
1838
4601
1710
7385
2162
960
6692
2435
1663
233
9545
6033
980
9044
5693
2893
1562
8413
8858
3347
418
8636
3183
7199
2296
3632
2249
4669
7954
3545
5512
1089
9300
5902
9303
5307
1058
9720
7541
9913
9885
5842
2929
279
3765
3570
6648
9585
1013
5080
4176
7823
9288
9529
3968
3510
7374
4667
6190
6
3255
8497
7526
141
7417
4144
1647
4143
8382
3949
4293
5204
9806
1549
9105
397
8204
4029
7640
7208
2768
3905
4641
4389
1921
7605
5534
9839
356
4092
8404
4992
9051
260
4671
1125
8745
1097
7315
5435
5830
3644
9359
1050
6898
2550
6528
2020
2845
2269
3683
3914
4212
4549
1167
5195
8216
7279
9223
7926
7084
6936
3100
5462
1044
718
6881
6065
1096
6547
3186
9453
4453
1598
5815
7068
4625
7916
237
567
573
1015
6399
5658
1350
1040
2666
3434
5943
1832
3909
1844
4885
379
9153
7281
7622
7135
8112
1572
9270
8482
7300
1342
1603
374
6095
972
1857
9976
7239
3734
8772
9914
6724
9830
9451
7568
717
5230
425
268
7308
3692
3742
1576
6179
7258
4071
8842
1998
6495
3441
4163
653
8855
8907
9468
7870
1655
615
7647
5695
4299
9425
6518
505
4027
9619
8586
656
3020
9879
1561
4203
3782
3749
2089
1412
8462
5288
9709
9792
1375
9162
2357
7633
5828
439
2595
7565
8315
2794
6838
5100
2150
5299
9363
3123
834
1061
8073
9213
249
3099
8085
6007
2122
9918
491
9193
6214
9448
9677
4592
4829
5128
6937
7266
5400
6271
3369
8839
5074
6712
150
9146
3403
5634
3552
9733
5391
4693
3169
2698
8316
673
258
5734
58
4788
2193
9759
4977
4681
38
7871
3726
2904
2077
8974
6174
8618
871
9421
7882
7740
2411
2413
1387
6484
3237
1074
3306
6719
4124
4627
9887
613
7458
3559
9939
8503
3952
1437
9315
4871
7219
9259
3159
9201
4998
3461
4451
8401
8245
5249
2690
4587
8051
1468
616
8259
6835
4615
8569
4923
6617
3776
7470
6037
3756
1208
5364
4094
5617
4660
7897
4108
5234
1759
2765
7733
8819
2678
4160
4425
5854
2420
7451
3243
3298
1391
6679
502
1156
197
1304
841
976
4938
4078
1069
6611
3174
5267
9001
4182
246
678
8388
686
2614
9859
896
6818
2829
5855
1422
30
2210
1570
5036
9107
5001
7272
1446
3168
8449
3341
8370
3894
9513
287
7547
3294
4498
7784
8131
9020
9
6330
9835
5821
5746
9781
3074
2007
7137
2389
6348
5253
5779
8025
1985
5783
8366
877
5008
6045
9324
860
3090
4311
7683
2843
8990
9768
2949
3709
8015
142
9780
8070
5205
6488
2503
8428
506
2214
1109
11
9841
5104
2948
9160
9458
1751
8128
3880
3083
284
1833
8150
8979
8698
5351
9943
2913
8995
2363
8472
6191
9541
3649
997
4791
3148
1807
7364
7418
4167
1094
5320
41
6275
5176
7965
6280
7812
6040
2901
6325
7387
5644
5327
6079
1338
1302
130
9424
9329
8697
1817
7038
7802
8718
4797
8631
1796
9511
3613
6556
4697
5579
5047
5158
6423
5269
9756
1514
807
5057
6160
1724
7023
3479
1454
1494
5501
9057
7680
6864
9603
3901
9173
3299
2856
2301
3103
1779
8787
8895
6360
3798
816
1107
5492
8917
1153
9328
9039
3513
7211
7168
850
0000
9369
991
5690
9260
5231
1499
1127
4504
4566
7429
6791
7327
8021
3660
5508
5039
4063
8663
2190
8091
5688
8953
4341
5849
4405
4989
5802
5856
5800
9454
2327
1174
4668
710
1745
9121
4897
1980
4132
6398
7201
3786
1492
3422
8152
410
3392
1669
401
4956
827
8933
6949
8773
5453
7540
815
758
6597
4040
1580
7608
4220
3234
7709
5215
5753
6506
3087
6309
3356
4469
5566
76
5359
9910
1650
6922
7769
5232
4291
7248
3728
4814
4304
9987
1876
7606
765
1509
5876
121
6702
9428
3126
8875
1080
8022
6445
98
4921
8703
1140
6803
2689
2972
3050
5481
9159
5909
400
2423
5908
9703
854
6194
6988
5955
5845
5584
6052
6659
274
7154
4639
694
23
9163
1672
8196
1674
7049
96
8311
7963
1038
1093
5742
6064
1776
3161
7291
6962
5160
4014
1750
8810
240
1680
2760
4909
3470
6749
6119
3408
5096
559
8792
6626
4934
6865
9851
8791
6824
6029
692
7866
5037
7663
3430
271
4303
3555
6633
4954
4968
5959
8104
7621
8870
1694
3573
3715
1586
2373
1345
7787
3589
6286
970
7324
4009
936
2392
102
9198
8909
6627
1076
4015
8937
55
3030
7979
1531
6878
7869
7170
429
8415
6331
7572
8700
5298
9499
2563
3787
1957
3575
88
7402
7935
4617
6100
4207
5438
545
9974
9528
1849
5809
1035
9108
1447
5973
9245
4620
1100
4710
483
191
2623
3072
6635
5551
8129
6717
8548
1214
4116
5388
8165
6672
2676
5712
2379
4623
5663
8477
215
9763
1592
7978
5517
9248
6299
6894
1312
307
9657
9826
8320
5777
1777
3105
1186
894
8881
1282
1784
9202
4486
8609
5142
6923
6067
2212
4863
1485
3878
3340
5882
1104
366
9847
7627
3463
2853
4174
7293
3523
9403
7322
372
7503
9133
5715
7840
3477
9549
7586
8089
2588
7209
5659
5873
2849
8458
5109
7334
2919
332
8125
3380
2336
7138
8905
3210
7956
7597
901
7599
6770
4261
3789
9996
335
2011
3040
3516
3592
1339
409
339
7141
7158
9714
2329
1581
4886
8994
2625
9025
3819
9532
5
809
2505
789
2069
8603
7161
1365
4844
8811
6715
4505
162
5056
2511
6661
2686
9265
5681
4727
1698
1963
8144
7875
4428
6524
6073
4374
5563
8142
447
6651
5975
7035
6860
9022
7436
5751
9076
9289
304
8539
3323
4222
6956
455
3358
9466
8908
1894
2668
5971
7879
3764
7048
6427
1171
3310
4688
9111
2869
2986
1175
6694
9302
6655
9623
8920
3556
9548
1820
80
6106
1352
1371
5641
1206
8261
1553
7530
8186
4067
8689
6767
1453
1631
9267
1761
6304
9842
7054
5595
9596
8471
8298
703
9649
1872
5702
8295
4822
4914
2803
8345
1082
1673
3580
247
7061
6013
5985
1642
4344
3614
8820
2255
1443
4271
3602
3534
1535
2975
5379
9357
8551
2226
9438
174
7030
5146
1616
3567
442
2097
889
124
5573
1349
3285
2797
2584
4813
6125
5099
9002
3178
6027
7778
3956
6775
4951
8123
8287
6562
7815
7151
2791
734
862
945
1463
720
2740
4412
1845
4632
4061
2155
7638
4599
6143
3750
7065
7989
2732
2344
1488
5982
5824
6127
6420
572
3900
9512
2879
272
6142
8939
3084
6150
2586
7498
5757
5245
8094
3262
1472
4825
8777
560
1144
5063
7949
9089
4357
3775
1066
581
2962
7820
4778
180
6355
2778
436
4120
7269
9423
7319
539
9591
2060
386
6565
5446
2246
3117
1366
132
2047
9156
6884
8836
7843
869
6153
8168
3635
6750
9583
8762
2328
3626
1626
6390
3542
5786
8291
913
7491
8768
334
9948
5939
6464
6371
5684
4604
4742
5383
6302
8227
3973
2918
9128
6746
7715
1742
8307
5081
793
2126
1821
227
2204
9393
160
5439
3333
8266
3865
3114
5535
3337
527
7330
8705
5635
6882
5408
7033
879
6417
8687
9082
8771
9794
4966
2232
5302
7190
6021
1614
2655
3520
8313
8005
1701
7489
2032
3406
7125
993
4343
9977
5486
7314
7097
7766
4023
5810
7222
4890
2424
8806
8185
3774
4371
8943
4270
4838
5272
5410
840
1502
6333
2383
8205
9927
9537
4483
5073
8076
4089
5141
3665
5126
7410
3569
464
4419
6422
2540
5095
3962
5951
6559
9802
1813
753
5278
8507
156
2257
6798
7413
3629
4943
3992
8309
300
6109
8208
847
5990
7880
8765
9505
7420
4254
9563
8565
9865
9706
1482
6433
7358
750
5378
2750
4783
918
2851
4756
7223
776
2804
3402
496
4533
6469
1322
2145
5836
5214
3618
7898
3065
5368
7079
145
8027
4267
3725
6608
7298
1826
5026
4924
4133
534
4231
6132
9547
6942
3981
5795
7367
6224
8001
8269
3910
8899
9544
3823
5178
1639
900
732
7805
6145
3590
8305
5279
4087
9552
2332
4166
3014
881
6314
4950
6510
8087
3447
4386
3892
9767
5920
4570
4460
9203
7144
4354
8975
9242
6885
8214
9538
2828
7034
6222
7359
4569
4022
5342
8000
1941
1024
5967
7397
4488
4146
2292
996
5485
5184
7874
9476
4919
387
7192
6231
1682
8699
493
5863
5432
5917
9056
4982
5521
8235
1279
4737
9200
2073
1600
1993
984
2470
533
2043
4720
3362
4757
3144
9335
3007
3579
7452
1995
6601
1537
4881
3877
5820
9534
9968
906
2570
9518
2309
340
9796
5945
529
4064
7081
8117
3732
1466
2338
8110
6740
2272
1700
4049
1992
4514
5604
8894
3766
8339
8030
4647
7379
281
5258
3889
1605
8972
2746
1278
2820
2841
6751
3062
8827
2834
1990
7409
3239
2996
8737
4911
3701
888
892
2669
8775
846
1519
7857
2330
1716
5330
1290
9940
2779
9620
3833
2596
4376
5580
3405
1201
1165
2872
5112
2957
5452
3455
5413
5972
9881
5613
1593
2532
5839
9348
8935
62
5131
7509
7757
369
1810
3828
3268
7460
7764
1266
7913
8723
5714
3342
7858
6867
1978
2146
8915
8591
8513
2859
9293
3230
6596
360
9772
7268
5380
3450
1782
3253
8830
8695
6092
503
9362
5567
5878
4127
5436
599
154
2878
9346
3133
3944
7347
6135
1008
3745
1737
3428
5765
6332
4927
2117
5165
4908
2390
163
7466
2809
3988
7736
9520
2362
7590
3808
7580
990
3095
4180
5739
7064
5894
2354
7810
5840
6748
8101
1099
2158
6294
7072
6927
5540
3059
1577
6932
4987
9435
2238
6492
935
1575
1935
6841
8456
7940
3722
6455
9829
9954
1303
4465
216
8399
6063
5592
6652
5040
5326
5750
2608
585
4916
952
4864
9266
8106
1681
3783
5290
5805
1544
1428
8841
3238
8696
8222
3616
353
8619
8330
4694
223
6383
4472
6807
21
909
8978
7910
1971
9949
4993
577
1878
6718
810
6737
8246
8328
8063
5879
4456
7895
5149
3687
2855
8857
2559
6365
2466
9447
9469
2974
8390
9682
1135
2409
3922
3486
8964
5726
5035
9103
2303
8865
3752
4619
1307
2688
9973
9471
7557
9191
2157
6358
7337
9700
6981
9473
4179
2594
5273
1073
6552
3410
4853
989
5138
403
6011
5792
9313
8056
9455
6112
8200
6161
3842
266
492
904
830
5713
5906
2770
2404
3583
7335
6053
8374
5373
3564
4705
2000
6192
54
4315
111
9019
3760
8255
507
9404
5547
4607
6986
6678
1520
4520
8234
9790
1192
6600
9725
7629
9727
9460
6038
5233
8343
3639
1267
2946
1875
8534
2326
16
8411
4920
3685
4974
3257
647
1137
2102
623
9578
895
6520
2699
4313
5674
1803
7371
2263
1203
9936
9314
2602
275
1072
7156
2556
8554
1433
2518
3713
1478
5094
4119
5068
1311
2942
8945
4214
2408
6459
69
4677
812
9602
1113
126
2337
8809
6887
9032
5703
6377
7042
4316
547
9372
687
7396
2429
2664
659
3384
7662
7273
5216
1829
7811
9663
3077
4557
5582
625
8221
9804
8007
6943
2261
6018
7257
4602
5868
4021
8318
9998
5018
2509
7408
2009
4477
7727
8225
7310
9110
399
1862
5428
551
9715
2298
2325
4925
1881
9665
6830
6647
85
7391
5455
6994
6418
2171
12
6282
7463
2113
2593
5023
8630
5938
7304
5162
6558
5377
9765
548
7186
25
3145
9721
7001
5603
5727
5285
4026
9981
6689
441
706
7092
9667
9139
6285
9687
8270
7203
9238
4547
6352
8438
359
3332
4492
7934
105
90
9628
4118
9952
1846
5045
8984
7601
7165
2687
6913
6576
5887
4655
8799
3702
6446
7435
6449
8067
4949
7985
644
2082
6217
1480
8692
7785
7685
2818
2291
7157
1010
39
7851
5441
5937
1703
2355
3313
6093
305
2599
8783
3467
7671
8815
8601
7245
4551
462
634
8140
731
3245
4990
8138
470
9409
8019
3004
8437
3098
1582
6850
2192
1608
7867
1762
2050
2945
6961
1516
9073
8461
457
9205
6507
4346
7147
5932
1086
3671
7834
2701
9793
8248
7690
487
3036
7329
5571
3578
2873
9098
1534
9581
3511
220
5632
3858
3795
9075
5314
6996
3690
2202
4201
4650
8406
9979
9506
6317
5444
3503
9752
4373
4028
6812
5997
3042
7483
5692
4404
7892
3604
2315
741
4532
2271
7499
2067
4862
5463
28
682
7729
4577
2569
9169
9815
9810
47
9412
3600
6831
1012
5424
6978
3075
6242
1330
2616
8183
4312
9938
8391
8479
5235
963
8149
4491
7280
7169
9255
4481
7278
1599
4224
7581
8542
6573
6251
2270
9024
2769
7577
5806
5596
2815
4782
6170
2199
624
1651
727
9856
6448
7513
9608
259
228
8226
9875
4082
2887
9371
754
8770
6107
207
2930
8385
8105
787
5861
1863
6463
6879
4846
4904
4452
9074
6046
1864
2821
3068
7318
1503
2297
71
9287
4760
9377
2048
8495
2704
1526
6057
6918
1666
5694
9704
4186
3669
4707
1002
8090
3849
2213
1964
876
4572
3033
7584
1373
763
9920
5655
2149
1246
761
3488
1378
5163
5785
3990
8585
4903
8593
7505
4618
4216
3703
9809
6004
606
6670
5530
4276
9991
7240
3836
6538
6318
2106
8757
3420
6895
1725
8045
8425
9515
510
9237
406
1621
4801
2343
6429
9225
728
4115
8879
1940
7636
8496
1237
1235
2718
5414
9874
3462
7351
7212
4876
4712
8627
7902
6930
7461
802
6380
9771
9969
4744
7392
5631
1090
194
241
6369
2181
6368
5822
6758
2248
3189
7202
1976
8241
6298
6710
6385
681
1471
6960
5265
7623
3916
9273
7563
4882
8517
8588
7706
8048
6917
3967
428
3887
2624
9236
2651
3140
9174
5069
2307
9900
1811
7299
3012
9406
8655
2506
9882
9590
423
4580
1398
1591
9508
8433
463
1753
9487
7175
7630
4066
4407
6444
7725
6482
7745
4065
384
8854
6671
2522
9762
8426
7146
5078
3446
6450
4275
8760
2889
570
6768
9239
1573
2558
4865
3385
2802
9491
1828
7056
2235
4548
4762
2112
2866
2495
532
8900
4802
1835
9600
2418
8970
744
1596
1232
1441
8902
9561
861
7551
7842
4101
152
5538
8991
8785
476
3277
4600
2205
5355
7213
7894
928
9539
8520
3112
6853
7738
413
8199
3425
4598
5169
4485
1145
2776
1740
2939
2745
8059
5306
697
6256
9211
9226
4441
2714
6789
83
4611
4936
4932
6315
1190
2763
4912
5221
7953
4905
1905
5280
8803
7464
2281
5425
6476
1911
8538
6716
5867
129
137
1194
7102
337
5329
2045
3493
2455
9711
1646
4458
3662
9207
6681
7331
4387
7188
738
7234
3816
546
2519
7456
7218
7173
4834
6802
5389
8549
9218
6313
3984
9316
6820
4215
7075
9070
7587
1064
983
40
2611
4494
3694
301
1081
3506
4579
4957
927
1326
4609
3034
8798
6575
1936
9613
9560
3704
5860
2008
800
7195
7962
9100
2650
9017
2987
2999
1029
6159
3628
2674
3291
864
9224
6335
1841
2947
6734
8725
2381
9668
8220
9097
2018
1558
7087
4637
707
4052
3518
1112
7657
3139
8673
6468
8418
7995
1464
770
7515
1297
6003
4260
8821
7247
2895
6329
2141
1764
5113
5500
9692
6535
8324
2250
5397
3985
7974
813
7611
8829
5522
5769
6806
6653
1155
4010
4773
6899
3514
311
262
7317
544
2510
4219
9995
5173
2800
4114
3537
6722
5700
6326
5465
552
9712
8187
1805
5482
1039
9982
2530
8931
6997
3314
8301
6241
8436
670
3553
950
3515
6582
3389
2013
8121
3300
7101
9574
923
3603
3086
8331
358
2417
4206
3829
4519
4328
8604
1812
4041
2191
8761
6288
7189
7110
2533
3954
6430
4972
655
3670
7578
122
2870
2064
3464
33
6531
3459
3240
8753
5497
3989
7295
244
9440
4003
8350
4468
7562
8925
9892
2489
8407
20
914
402
899
7841
9071
2940
5458
3657
4793
2349
5343
3811
5202
7407
8623
2044
6676
5657
9776
1277
724
4155
1495
2822
8016
662
218
5803
8192
6953
4086
9140
8735
7057
9638
3170
5978
9898
5350
8394
9884
648
9967
4140
4906
8948
3120
594
8833
3911
5823
7653
6097
4509
497
3872
6034
587
7610
8980
5308
7550
7443
4539
3173
9502
8647
2374
5646
3015
4659
1105
3429
2683
8253
8599
3661
2430
6272
2629
4062
8869
3082
821
514
3233
1395
693
1133
8151
6971
8680
9782
7885
4457
6453
7753
3917
711
7906
57
4699
4199
7332
5219
4123
7445
5782
2860
8658
6928
2874
9572
2742
4614
8443
9027
6019
6324
3220
8040
1418
7596
3803
261
1016
7090
1410
5519
3485
584
7904
5152
7362
5958
2857
8621
2667
8893
8414
7838
5283
790
328
390
9084
7500
5151
3998
7447
5911
1707
2729
2442
426
6032
5930
6588
730
9519
8876
9695
440
3351
2649
344
8202
1306
2757
8540
2387
4806
7373
865
9849
7933
1795
3557
4597
6631
5648
9096
1367
5448
6349
1123
3316
7131
480
1733
3196
3958
6075
6980
3345
642
5697
1243
4969
9653
5386
4889
6094
722
1611
6501
3907
5042
8756
7574
1382
2468
8968
6877
3656
6276
4058
6342
7923
995
4859
1147
1768
6857
2681
5046
4475
7145
5009
3627
5103
2621
8896
1353
3758
2907
7
9439
8432
1736
2989
1423
7807
6413
269
1420
4463
8179
113
4576
3381
86
4449
1005
829
6983
7129
4193
9358
6852
1987
8393
7803
8779
2738
6296
2095
6634
327
9883
3587
4529
8194
4427
9868
5639
7401
1334
1000
4375
2116
9018
8826
7818
5476
375
5488
7490
9481
1567
3834
7542
2560
4016
7943
398
4852
9243
9860
4430
7637
5829
4307
7377
4588
2059
6773
1298
2568
4868
205
82
7217
87
5401
8329
6619
8730
9003
5493
7981
4606
7607
1070
5357
2619
2029
9894
6975
4056
7194
6295
7149
4157
4779
2748
6527
6243
1816
6148
7779
9942
9594
5325
3383
652
2316
7516
6903
7152
4952
5612
7561
8864
5246
2536
1799
6344
6031
3791
4230
5764
1532
2672
1014
280
9734
5122
4967
3104
1400
6055
8726
3864
7106
8949
8910
430
8668
8512
6270
4975
5760
554
6050
4384
8637
2024
9114
74
4388
988
6650
7107
9770
370
9060
6253
9396
516
1313
114
7849
2161
3521
2486
5499
977
5979
8959
3064
5468
475
6257
7386
3814
5520
5541
4840
8164
4198
4424
5240
8774
3855
4711
4322
2903
6693
3009
5335
3668
494
767
6266
5450
6120
574
4941
9673
619
8817
9651
3608
6788
4739
886
5341
9617
1730
9295
6919
8898
4480
3536
7254
8403
8834
3308
3610
9432
467
3096
4515
2589
8795
9232
9959
8018
6059
3382
5117
7654
8659
9217
4887
5031
8475
8981
6690
6502
9907
1887
92
7796
2662
7142
9577
6131
6082
669
2288
2369
6914
2444
5904
7687
1756
5686
6990
7984
3527
7333
9209
9333
6117
3433
2054
9264
2796
8442
195
7487
3102
5670
9901
5735
5992
4787
2696
8172
884
56
832
1697
5581
1657
3891
8677
9148
7109
8352
6808
1729
3400
2441
9568
4417
712
7604
5190
77
4805
1522
1999
5297
8171
7792
1734
9661
3731
292
806
3187
9282
6667
1427
8847
9873
5965
2198
3936
4445
9155
1114
1116
9241
4663
3797
6363
4722
389
9645
1774
3466
199
3895
7225
411
8522
5315
291
7914
1417
4038
874
8381
6235
6147
5986
3058
3802
1473
9271
7055
9152
8211
7903
3724
2902
1465
6290
4831
7480
3807
5305
1507
1818
9605
3475
7341
4079
4692
8923
1351
3839
7790
4847
7917
590
7427
1661
1748
4036
4812
3560
4973
8210
7924
3768
708
5583
6742
511
251
8268
5449
5404
1721
2076
3897
4398
1033
5948
7238
818
2476
1234
4380
4259
5244
2877
9154
7699
5059
4084
1929
5464
5157
6609
3152
8489
1369
2784
3621
9773
4516
4342
9387
7960
2850
2537
2771
1068
4126
9684
6101
3273
5294
9611
4591
7204
7639
5846
9127
7455
7441
9161
7946
7058
5910
444
4640
127
3540
6703
6499
593
2163
3258
5723
2186
2710
5339
1340
7864
5903
1970
1665
6406
5528
6743
4439
5372
2376
495
7442
5919
9614
1569
4895
1157
255
9199
7928
7793
6301
8103
8212
3681
3016
2645
3972
1460
2577
6921
9187
3225
9101
9646
61
6630
975
9129
3236
7437
716
4339
2564
8031
1221
6908
8739
4410
3417
4948
60
7679
1062
7628
9307
7695
910
3011
3354
4786
7015
7450
9194
6753
9036
9755
6114
5771
3290
2107
8625
916
5790
4213
5348
1115
2824
7398
9573
7855
1793
6561
1624
6473
6851
1181
2900
2055
9800
3595
9958
566
2308
7250
9825
2543
9411
2792
1272
6096
2071
7519
9550
5650
2670
8003
4277
3212
6457
1149
7813
939
7905
8469
1320
5844
5789
6221
9149
1585
7878
9797
1962
190
2777
7741
3638
6471
9177
4173
1932
5017
775
7091
7641
8119
4784
7011
953
6912
9871
7206
2207
9368
3047
1178
3543
1906
6111
3235
2143
8209
9028
4605
6016
4590
6078
1162
4649
7688
8802
1619
7830
3532
248
3751
9378
2105
2138
175
9118
4158
346
4409
9416
323
8264
3710
4281
6904
6098
2846
5719
3172
7493
637
5412
4633
5013
4246
8903
6401
1092
4081
4421
9586
1839
1390
14
2555
9676
8562
6379
7666
8782
6909
4250
5082
4135
4826
4296
6813
7163
723
780
9296
8450
5114
4223
454
3673
6823
3526
5510
9576
4443
3953
9319
8529
4578
5259
2021
6814
5954
5626
3019
2286
7697
4032
1886
6287
9818
3963
8483
666
7251
4489
700
2165
3658
3067
1497
8973
6977
5065
6765
2057
352
600
1945
3779
549
6008
1262
6104
5129
4512
2817
2712
6022
9206
7036
1210
5002
5030
9866
7495
6632
1245
1815
4136
1470
8011
6279
5766
1261
4057
7776
5827
8901
3021
2375
9919
3471
8053
3718
3162
7069
3994
4730
944
3997
3453
5977
4353
7124
5228
6376
8825
9050
5303
9284
4508
2370
1188
1858
7118
6916
1166
6721
7717
3491
1065
9566
1556
6969
283
7929
9693
8832
5900
8158
4849
3824
1209
3124
1825
9240
5678
2227
6049
7276
5324
5788
1797
517
3375
9317
4535
8231
264
9088
7767
6761
5552
1060
6680
6384
3401
8036
1996
2880
9857
7950
536
2795
13
5150
4447
6834
8665
8958
9864
7384
7193
4011
9993
1922
4963
3284
7098
9736
3757
6357
5963
106
153
6836
1263
1640
1216
3371
9909
8271
4438
1057
9116
2546
2451
5589
7475
2447
4208
5984
9351
5370
8134
8430
7198
6784
2496
3562
4741
5417
7560
1346
1324
1702
8348
4675
4450
4122
4467
531
2027
3948
8354
7343
8919
8035
7263
8613
2806
9261
4796
3280
2436
8375
5999
5092
1604
1959
9035
562
7294
2415
701
4253
5664
3078
9717
1230
4352
3349
3771
8236
9807
6731
7127
4708
2070
75
6240
2781
1919
3443
4836
4495
5274
7839
4437
2078
2597
4382
456
1766
7153
5794
962
1416
3830
8564
6514
6346
2100
3853
2051
6212
5602
1036
6099
2635
5630
3081
9994
7772
24
8766
1551
6805
7616
9795
5442
2661
7071
6872
4540
2449
4860
9244
78
5431
6020
48
9077
9485
3411
1200
285
5054
7659
5884
8304
9189
9698
5819
4803
5957
178
8582
4225
4581
3875
992
2978
8882
7128
7907
1731
2236
7019
9390
3085
5544
6759
6846
537
4377
9285
6126
7775
1385
9595
7886
5724
1578
5509
7086
6934
2090
5022
9735
2066
8023
2640
2994
99
9679
2487
1173
7846
8794
6043
2867
3063
8282
9093
7361
969
8736
5647
8576
9764
1217
1293
5797
3938
9760
591
4075
6321
3188
4402
2028
1049
3876
2384
7891
2534
7527
9641
2244
1706
5801
7986
8776
917
3287
8594
8615
2682
1969
5271
1852
7600
4573
2716
7073
3547
2990
3585
3330
7969
3274
8355
4704
4369
7486
6624
3259
4268
5360
9837
382
9650
6944
842
9878
7108
2317
844
6844
6341
8598
9634
9120
6496
3150
6261
3184
3714
5171
8525
4326
3185
7083
6504
6551
1170
6340
8252
8581
6728
2864
3127
5526
1958
3568
5687
5952
1583
7747
8228
3039
557
4960
743
5284
4772
3209
1368
1042
629
9279
1264
7583
5638
6426
1709
8763
1481
3153
4217
8793
7242
6122
450
9723
6339
5618
2567
8427
5935
8028
405
1414
784
3825
3005
1318
1467
138
7261
2128
448
6901
8790
9474
6176
8141
614
3800
4043
9340
2443
5390
2741
4775
9072
911
4161
3017
6810
438
8010
9791
4185
6234
6763
2521
4985
2622
6999
5411
630
3512
4391
979
7768
5248
485
4565
4406
8758
5964
5000
3037
2631
932
1500
5558
859
1981
5857
5475
7942
771
7012
4751
2604
5416
6184
4702
3452
1834
5610
857
4661
8033
1550
5578
9662
626
4290
7372
3031
7197
7726
3135
5513
1154
668
7394
3549
636
2548
7009
1030
6229
9029
8801
5375
2479
3147
667
3079
7275
8632
1961
459
1452
7853
8527
1529
4965
7002
2630
350
3964
1477
3353
9975
488
3444
2545
6343
3396
8143
2153
6387
1727
8072
7510
250
9283
380
6237
4196
6875
5527
1043
2525
7395
7704
2399
5907
5865
5696
4265
9354
4148
1489
3612
713
2839
7260
8275
1540
6238
9130
3118
9079
7635
8182
8544
6966
5593
8445
2646
7634
2529
1548
1718
555
2289
3456
4832
4321
9125
3317
6249
4870
101
6669
6663
3908
4888
7681
5422
7777
1798
2406
6162
2827
4995
8120
2916
3301
8198
769
9402
8721
3025
804
2454
3826
7719
3350
8258
5835
8049
6738
674
7848
3035
9250
4994
4910
7655
1314
9500
4191
1295
1479
4134
5382
1413
2708
3874
6121
2169
6039
5848
3132
1510
6629
5717
797
6494
8093
2580
5262
5427
3965
4098
4385
1344
1760
5199
905
4432
5445
5942
8020
7297
3165
4243
9081
5440
5304
2723
6837
3222
7735
7999
3041
2691
3254
2081
8480
8113
6599
2120
8402
4964
5961
3928
8250
6475
4731
8536
2268
7549
2926
5667
2012
1408
4255
4867
9978
3435
5574
1691
968
109
6698
9607
9275
2139
315
6757
8006
8764
9822
2335
4642
4534
3111
5940
2233
9497
4723
2445
2042
3167
7289
8867
5079
1226
4005
929
7446
6424
3440
4843
8650
9276
3611
4190
6754
6284
5402
1222
8786
823
6546
5293
7692
4035
9482
7677
6432
9748
1321
2774
4256
1444
7026
1462
4848
5905
9263
8431
7983
853
479
4752
7120
7378
8859
8422
1785
4069
9896
679
9278
6480
6534
2030
234
8283
7968
8373
5077
477
414
6308
8831
9690
8788
6138
5775
9158
7756
321
5682
2166
9863
4510
7078
8233
9526
3218
4658
2968
6607
6926
3598
286
9551
3978
5010
814
1193
9966
6305
8099
5075
6869
1542
4240
3676
6373
5654
8276
8670
5866
2056
8052
7004
4842
5263
1370
4051
2006
3684
9227
7494
7014
4734
6621
2641
2642
9587
824
5471
4379
7311
4462
4197
5507
3374
9104
6409
4150
1704
7252
4274
4169
4320
5443
5396
8341
9814
2175
7553
5319
3637
9783
8206
7558
8032
2034
9924
6083
5236
1275
8493
4091
2457
7615
3265
7684
6486
9899
2575
2531
8751
4626
5740
7226
1997
1536
8084
8380
4054
6134
9274
2628
777
4759
2353
3208
4090
5676
7884
2340
7119
4349
2959
5433
7287
6483
1653
2613
7758
3594
6560
70
4735
9680
6641
7039
8838
1568
7187
1197
3902
1067
5186
3736
5817
4830
3458
7421
4717
7893
3677
4269
201
2933
213
7624
2088
9230
5437
5767
6312
3344
6939
3390
6512
2514
4861
1848
166
7383
1791
9430
4392
579
6779
6545
6959
1557
5506
1924
3666
4877
5132
2952
1840
6354
1207
6580
9584
1659
1946
9134
1983
7100
9437
6625
621
828
7305
7344
9843
2283
8752
965
9580
4145
8300
5310
1867
1660
1889
2421
8646
575
9138
9718
3121
9253
7724
735
8889
2576
9171
343
5838
9106
5549
6677
8808
7431
7523
6412
2785
9426
9014
420
1800
880
8470
7041
8610
6155
7970
3691
2825
465
1168
8071
8124
1892
3652
946
7099
1547
6760
1018
2671
7117
9398
8383
4172
5791
5003
595
1926
5083
7546
1565
9489
1256
1925
1143
7552
5661
8563
4817
7569
5621
3959
8660
1808
2473
2956
5247
3325
7670
7693
9912
9774
3969
866
2026
4686
2280
9381
8807
6012
4695
5683
1486
2282
3164
2808
6513
873
680
7468
1445
9891
2433
9382
7366
3496
5225
7920
1323
9006
9102
5124
8409
6691
2663
1438
2494
4524
6517
8734
8717
3027
110
5239
2109
4258
2259
6103
8190
7832
2201
7051
515
7828
3884
2331
2831
3680
1152
7306
2472
9436
4323
9655
8684
5625
4366
8265
2951
4348
8616
308
9472
1348
9877
4444
4544
1032
3888
2172
9984
5275
2786
270
2789
9431
605
1633
9069
7806
5148
8012
1676
6171
3923
7536
6628
8719
7159
2695
5260
8260
8175
6489
5133
3805
1783
3214
4869
1607
2656
2571
3089
5994
8674
6539
8215
486
4584
2542
8960
4113
1689
8853
4901
564
8484
5060
473
3809
1952
2041
7164
4635
104
4683
6613
9702
2921
2460
7178
8379
5257
8580
5556
489
588
117
6405
7899
2465
8911
2229
2643
1455
1333
5394
2675
6733
2865
3451
9983
8778
4538
2892
569
316
4434
3279
4048
6603
5685
3870
4651
5732
9427
8526
7522
8628
7155
9530
4648
5898
8840
1288
1861
1240
8139
7900
772
1411
6714
556
500
9087
6129
4610
5813
3723
313
9844
508
3498
1555
2265
7134
4937
4178
4333
9145
7575
1735
4045
378
7890
1786
4628
196
4983
6976
5885
4939
3977
8332
5183
6356
4979
206
4125
8635
6799
729
5826
6684
2001
8452
65
5808
2439
1827
2217
3993
4008
2004
6946
7567
2400
2991
9251
646
8289
6727
3835
7181
2516
4156
2140
3490
7791
2966
9384
7425
8434
6840
4518
8927
948
9059
5139
2753
6089
8878
7043
957
8592
9622
364
3416
7424
2290
6832
3933
8424
3091
2652
3000
8081
6151
9115
8363
8602
4411
6440
9394
3746
1364
5206
6023
140
6554
5922
9656
5916
5374
5291
3404
6973
4400
3741
2005
177
135
4184
3454
7439
6900
6705
719
7357
8685
9309
3329
4418
2502
8074
2002
179
9746
6924
1801
6070
8137
958
1504
9009
3338
7648
9647
7267
2168
5111
3415
7140
3743
3716
1618
3799
3215
9395
1896
5748
8455
2876
6540
835
8133
1386
2416
2730
6239
7076
81
3525
4815
5209
6187
8055
7423
5689
4501
4280
1559
4138
165
7711
9144
5928
542
9414
6583
6451
9930
5665
1403
7955
9832
5993
8694
7264
4561
3947
3216
867
4308
1017
3231
8335
589
3698
3066
5784
7449
3941
9043
432
5490
8384
9318
7328
3554
8691
6152
9934
5974
9208
9178
7430
3044
9621
149
3246
8166
2422
2938
4085
6948
7545
5893
6149
123
596
1728
4685
6156
5177
7220
9557
9429
9707
9784
4413
2897
9554
7479
9629
9037
9779
5457
7382
2647
4679
5153
9989
4355
8701
4345
8405
6254
5061
8681
5825
6891
6085
8002
3497
209
2565
2782
6208
4105
7003
7508
3903
7829
3929
4153
5127
8595
7485
6541
2276
9559
5480
5367
3686
620
2241
1450
8519
2583
2598
7352
8722
1397
6485
6213
5872
8095
9970
5875
3593
1754
6636
1332
8357
2508
1252
95
1399
3961
2347
6367
1233
4809
7873
9464
608
4490
9008
3439
8416
4662
8347
7326
2832
8921
1767
651
726
4429
4644
5207
3852
6323
5019
9598
5172
3483
4007
6581
7265
7554
9929
5669
2104
7432
1506
4324
7861
361
7501
5266
5136
217
2339
9867
7991
4448
3391
1693
966
5722
3744
499
8396
3879
7808
3843
9444
5029
2507
6157
1
1688
5354
3043
7996
7742
2118
4111
3586
4574
9908
4664
9732
8941
468
9004
4976
2758
9836
8218
3276
6989
1436
8042
9181
524
3940
6905
8740
8835
8083
1075
5062
1007
747
5005
2072
1944
1325
1584
4526
8805
8567
6888
5038
6307
1046
5155
2657
9143
6876
8661
2673
7021
3431
3309
1719
2501
6415
3283
6842
3508
7701
1300
8707
7576
6819
2498
5058
3675
4362
1683
7997
3457
912
7889
7070
5738
8596
5024
9479
8547
8154
7389
4624
5334
4674
1960
6478
9339
6516
252
6553
1949
6133
8874
4770
9916
3241
5924
232
3737
9624
4766
6668
9231
6364
7686
9298
632
2170
7722
4107
192
1258
4522
9777
5947
4678
3018
6141
6166
9992
1037